4.587986e-02;7.628211e-02;1.598879e-01;6.139633e-02;8.914323e-02;5.488853e-02;1.096402e-01;7.339465e-02;5.498232e-02;1.778352e-01;6.110964e-02;3.556006e-02
3.881284e-02;7.160672e-02;2.288397e-01;5.101293e-02;8.636104e-02;4.045334e-02;9.904939e-02;5.178298e-02;3.383284e-02;2.240163e-01;4.769329e-02;2.653864e-02
3.275448e-02;6.435741e-02;2.585361e-01;4.900693e-02;7.956649e-02;2.906020e-02;8.575638e-02;4.076654e-02;2.173169e-02;2.876092e-01;3.291455e-02;1.794006e-02
2.939980e-02;6.115071e-02;2.499249e-01;5.190029e-02;8.253317e-02;2.713184e-02;6.454059e-02;4.209385e-02;1.700929e-02;3.384067e-01;2.085942e-02;1.504942e-02
2.695014e-02;6.744646e-02;2.279736e-01;5.812932e-02;9.602544e-02;3.023105e-02;5.137146e-02;4.351085e-02;2.081891e-02;3.447294e-01;1.453989e-02;1.827352e-02
3.678791e-02;8.867101e-02;2.071002e-01;6.013857e-02;9.447029e-02;3.500759e-02;6.004291e-02;4.093169e-02;3.863250e-02;2.821210e-01;2.926731e-02;2.682901e-02
5.559985e-02;1.019722e-01;1.962880e-01;5.227937e-02;7.031313e-02;4.196125e-02;7.259577e-02;4.006252e-02;5.878061e-02;2.196602e-01;4.953518e-02;4.095194e-02
6.037534e-02;9.559539e-02;1.799237e-01;4.574718e-02;5.199130e-02;5.546132e-02;7.733430e-02;4.336336e-02;6.664675e-02;2.072732e-01;5.828930e-02;5.799891e-02
5.463932e-02;8.147873e-02;1.802400e-01;4.909372e-02;4.896494e-02;6.661562e-02;8.236101e-02;4.329517e-02;6.618048e-02;1.953502e-01;5.882531e-02;7.295550e-02
4.647740e-02;6.713133e-02;1.848831e-01;5.545628e-02;5.338080e-02;7.374641e-02;9.626859e-02;4.235683e-02;6.276748e-02;1.772039e-01;5.874103e-02;8.158677e-02
4.155362e-02;5.387672e-02;1.884187e-01;6.472224e-02;6.302099e-02;7.573754e-02;1.111622e-01;4.199270e-02;6.132525e-02;1.502989e-01;6.740348e-02;8.048761e-02
4.860748e-02;4.628546e-02;1.847520e-01;7.498090e-02;7.585742e-02;7.383550e-02;1.212617e-01;4.394588e-02;6.340430e-02;1.130559e-01;8.578233e-02;6.823111e-02
6.327114e-02;5.179634e-02;1.674369e-01;7.643876e-02;8.868393e-02;7.503894e-02;1.271994e-01;5.129133e-02;5.603898e-02;9.954280e-02;9.093972e-02;5.232177e-02
6.158626e-02;5.423824e-02;2.150321e-01;6.111876e-02;9.342000e-02;6.570207e-02;1.242169e-01;4.974440e-02;3.907919e-02;1.252633e-01;7.108428e-02;3.951446e-02
5.374809e-02;5.113992e-02;2.781818e-01;4.259558e-02;9.121608e-02;5.110729e-02;1.252299e-01;4.419113e-02;2.758751e-02;1.502917e-01;5.368321e-02;3.102779e-02
4.691905e-02;5.716446e-02;2.868462e-01;3.305224e-02;8.362126e-02;3.925893e-02;1.232674e-01;4.524484e-02;3.232203e-02;1.699363e-01;4.964623e-02;3.272104e-02
3.687306e-02;7.016117e-02;2.919190e-01;4.675048e-02;7.373006e-02;3.326534e-02;1.040755e-01;4.770473e-02;4.528181e-02;1.583928e-01;5.152927e-02;4.031675e-02
3.399329e-02;6.716325e-02;3.407768e-01;7.339770e-02;6.815477e-02;3.185075e-02;7.419863e-02;4.060952e-02;4.921622e-02;1.246844e-01;5.709229e-02;3.886231e-02
3.843505e-02;5.765989e-02;3.306080e-01;1.152731e-01;6.352492e-02;3.226387e-02;5.753828e-02;3.755568e-02;4.378532e-02;1.206144e-01;7.460816e-02;2.813326e-02
3.648818e-02;6.308152e-02;2.513612e-01;1.722516e-01;5.424286e-02;3.202675e-02;5.863683e-02;3.987246e-02;3.877798e-02;1.394097e-01;9.632117e-02;1.752971e-02
3.256841e-02;9.261183e-02;1.874003e-01;1.861326e-01;5.296068e-02;2.995919e-02;5.792626e-02;4.291583e-02;4.380891e-02;1.541950e-01;1.015087e-01;1.801233e-02
2.937932e-02;1.412929e-01;1.912093e-01;1.446010e-01;5.749300e-02;2.582951e-02;5.609145e-02;4.293951e-02;5.866273e-02;1.488695e-01;8.069885e-02;2.293294e-02
3.157541e-02;1.911362e-01;1.904292e-01;9.485206e-02;6.251360e-02;2.753007e-02;6.030501e-02;4.030394e-02;7.622194e-02;1.464213e-01;5.232537e-02;2.638589e-02
3.553558e-02;2.079553e-01;1.916233e-01;5.745833e-02;7.122549e-02;3.339919e-02;7.652601e-02;3.371557e-02;7.842389e-02;1.521644e-01;3.159811e-02;3.037474e-02
4.438234e-02;1.767929e-01;1.826140e-01;4.685445e-02;7.969592e-02;3.957151e-02;9.283549e-02;3.199350e-02;7.047085e-02;1.585096e-01;3.219437e-02;4.408512e-02
6.006433e-02;1.390901e-01;1.467613e-01;5.697775e-02;8.281077e-02;4.590083e-02;9.423138e-02;4.010316e-02;7.061765e-02;1.519416e-01;4.611562e-02;6.538549e-02
6.266732e-02;1.085949e-01;2.111296e-01;5.954460e-02;7.394179e-02;4.631933e-02;7.541014e-02;5.074380e-02;7.440824e-02;1.206384e-01;4.817144e-02;6.843047e-02
5.235539e-02;8.935183e-02;3.048949e-01;5.676710e-02;6.156663e-02;4.288499e-02;6.649162e-02;5.845221e-02;6.960863e-02;9.577929e-02;4.511126e-02;5.673619e-02
3.855601e-02;7.624126e-02;3.741786e-01;5.058616e-02;4.816343e-02;3.766659e-02;7.375317e-02;6.152429e-02;6.344665e-02;8.690653e-02;4.107924e-02;4.789803e-02
3.329231e-02;6.065630e-02;4.033159e-01;4.578054e-02;3.749708e-02;3.306570e-02;9.057607e-02;6.217010e-02;6.400737e-02;8.888499e-02;3.710100e-02;4.365266e-02
4.666074e-02;4.514994e-02;3.696994e-01;4.053487e-02;4.368126e-02;3.328016e-02;1.032925e-01;6.677821e-02;7.277085e-02;9.215517e-02;4.308655e-02;4.291031e-02
5.621386e-02;3.877003e-02;3.520535e-01;4.263597e-02;5.178525e-02;3.453820e-02;1.027391e-01;6.857461e-02;8.019458e-02;8.568822e-02;4.569511e-02;4.111146e-02
4.513226e-02;3.329860e-02;4.287955e-01;2.999103e-02;4.285178e-02;3.131148e-02;9.848861e-02;5.818414e-02;7.312273e-02;8.944827e-02;3.410568e-02;3.526996e-02
3.104241e-02;3.323063e-02;4.812249e-01;2.845744e-02;3.091833e-02;2.881576e-02;9.379821e-02;4.779435e-02;6.092412e-02;1.077236e-01;2.527888e-02;3.079131e-02
2.912539e-02;3.506348e-02;4.535557e-01;4.582270e-02;3.340104e-02;3.015060e-02;9.362109e-02;4.683021e-02;5.743237e-02;1.196632e-01;2.448812e-02;3.084609e-02
3.941322e-02;4.510922e-02;3.796586e-01;5.932334e-02;4.790158e-02;3.671496e-02;9.524448e-02;5.911940e-02;6.324767e-02;1.139414e-01;2.611941e-02;3.420663e-02
4.784535e-02;5.078648e-02;3.417420e-01;6.474588e-02;6.656986e-02;3.877918e-02;8.676577e-02;6.937180e-02;6.750620e-02;9.608936e-02;2.625983e-02;4.353826e-02
4.515091e-02;4.455872e-02;3.301330e-01;8.005732e-02;8.037564e-02;3.873900e-02;6.926865e-02;7.038234e-02;7.591607e-02;8.777563e-02;2.764708e-02;4.999569e-02
3.336081e-02;3.492136e-02;2.813995e-01;1.260649e-01;1.148798e-01;3.453160e-02;5.005340e-02;6.400956e-02;8.134972e-02;8.708201e-02;3.389069e-02;5.845666e-02
2.110172e-02;3.220321e-02;1.913855e-01;1.526892e-01;2.257282e-01;2.588484e-02;3.352315e-02;4.771987e-02;7.191284e-02;7.796416e-02;3.883436e-02;8.105295e-02
1.613923e-02;2.424948e-02;1.453125e-01;1.167202e-01;3.658893e-01;1.649617e-02;2.395568e-02;3.229689e-02;6.137240e-02;6.287377e-02;3.202695e-02;1.026674e-01
1.730717e-02;2.186497e-02;1.263394e-01;6.488418e-02;4.573230e-01;1.326521e-02;2.009735e-02;2.111789e-02;6.708888e-02;5.553815e-02;2.284214e-02;1.123316e-01
2.673723e-02;3.084015e-02;1.013076e-01;3.631699e-02;4.710699e-01;2.005729e-02;2.090362e-02;1.982525e-02;8.061818e-02;5.643168e-02;2.529315e-02;1.105989e-01
4.110283e-02;5.251567e-02;7.567015e-02;3.815884e-02;4.227209e-01;2.995541e-02;2.618864e-02;2.868166e-02;8.650830e-02;6.228627e-02;3.590886e-02;1.003025e-01
4.744745e-02;7.142831e-02;5.265235e-02;3.928513e-02;3.888035e-01;3.815014e-02;3.255271e-02;4.045814e-02;9.149453e-02;6.715597e-02;4.259872e-02;8.797303e-02
4.213792e-02;8.422624e-02;3.758652e-02;3.182935e-02;3.805968e-01;4.366089e-02;3.480028e-02;5.631740e-02;9.522666e-02;6.985064e-02;4.180795e-02;8.195930e-02
3.218105e-02;9.057407e-02;3.031530e-02;2.134022e-02;3.845420e-01;4.892180e-02;3.363906e-02;7.409736e-02;9.175250e-02;7.099567e-02;3.641529e-02;8.522567e-02
2.659908e-02;9.219201e-02;2.555882e-02;1.940450e-02;3.985740e-01;5.362998e-02;3.354914e-02;8.514407e-02;8.127841e-02;7.323184e-02;3.040975e-02;8.042837e-02
3.385158e-02;9.118047e-02;2.835065e-02;2.737591e-02;4.044872e-01;5.222397e-02;3.990573e-02;8.541105e-02;7.074434e-02;7.402430e-02;2.674566e-02;6.569918e-02
5.061374e-02;8.536150e-02;3.967544e-02;4.079753e-02;3.741360e-01;4.871115e-02;5.541001e-02;7.784674e-02;6.844632e-02;7.933755e-02;2.637800e-02;5.328610e-02
6.157940e-02;1.125717e-01;4.812496e-02;4.974158e-02;2.987790e-01;4.401153e-02;6.698934e-02;7.662478e-02;6.834150e-02;8.985364e-02;2.867713e-02;5.470543e-02
5.569047e-02;1.570829e-01;4.880082e-02;4.312152e-02;2.295635e-01;3.480346e-02;6.365519e-02;1.032865e-01;7.043186e-02;8.831533e-02;4.088508e-02;6.436336e-02
4.914400e-02;1.674101e-01;5.023720e-02;3.654253e-02;1.777347e-01;4.891276e-02;7.021783e-02;1.172604e-01;8.252534e-02;8.052653e-02;5.317828e-02;6.631041e-02
5.407272e-02;1.272586e-01;6.193908e-02;4.458846e-02;1.398044e-01;6.993058e-02;9.882391e-02;1.071607e-01;1.017669e-01;6.510310e-02;5.838506e-02;7.116657e-02
5.456715e-02;8.891463e-02;7.094739e-02;6.195506e-02;1.328208e-01;7.761961e-02;1.116029e-01;9.932530e-02;1.061867e-01;6.656791e-02;4.895882e-02;8.053382e-02
4.691994e-02;9.227873e-02;7.890170e-02;6.702901e-02;1.443841e-01;7.104322e-02;9.543224e-02;9.958227e-02;9.924369e-02;7.753042e-02;3.935776e-02;8.829696e-02
3.921594e-02;1.047960e-01;8.540568e-02;5.821505e-02;1.734311e-01;5.842160e-02;7.150655e-02;9.382595e-02;9.591147e-02;9.021638e-02;3.600564e-02;9.304859e-02
3.497345e-02;1.204143e-01;8.644441e-02;4.218475e-02;1.967843e-01;4.837411e-02;5.449070e-02;7.815099e-02;9.725902e-02;1.155078e-01;3.144668e-02;9.396949e-02
3.875573e-02;1.304399e-01;7.988272e-02;3.147709e-02;2.058318e-01;3.583919e-02;4.679763e-02;6.037058e-02;9.942535e-02;1.468669e-01;2.644418e-02;9.786895e-02
4.238654e-02;1.248199e-01;7.093693e-02;2.945374e-02;2.230852e-01;2.794916e-02;3.760442e-02;5.402705e-02;9.432441e-02;1.676767e-01;2.541592e-02;1.023201e-01
4.701380e-02;1.084166e-01;6.692103e-02;3.780767e-02;2.412438e-01;4.071728e-02;3.222919e-02;5.310941e-02;8.180113e-02;1.606806e-01;3.116419e-02;9.889531e-02
5.852860e-02;9.564421e-02;5.933609e-02;5.528137e-02;2.263309e-01;6.736828e-02;3.739052e-02;5.242361e-02;7.461566e-02;1.273622e-01;4.949676e-02;9.622181e-02
6.674024e-02;1.126719e-01;4.498482e-02;6.965487e-02;1.659508e-01;7.755250e-02;4.399871e-02;5.599447e-02;8.915170e-02;1.093725e-01;6.686535e-02;9.706219e-02
7.060777e-02;1.328094e-01;4.105675e-02;7.003187e-02;1.124304e-01;6.496511e-02;4.849105e-02;6.972402e-02;1.041316e-01;1.188310e-01;7.234399e-02;9.457708e-02
6.705657e-02;1.421548e-01;4.625093e-02;6.845283e-02;8.865042e-02;5.008236e-02;6.084484e-02;8.413437e-02;1.137694e-01;1.176826e-01;7.583976e-02;8.508103e-02
5.898555e-02;1.400729e-01;5.310960e-02;6.460086e-02;8.982790e-02;4.524656e-02;7.716963e-02;9.216728e-02;1.175970e-01;1.070722e-01;7.846075e-02;7.568982e-02
4.818431e-02;1.316985e-01;5.980313e-02;6.171799e-02;1.037512e-01;5.967650e-02;8.351417e-02;8.679216e-02;1.152693e-01;9.860943e-02;7.997455e-02;7.100873e-02
4.508554e-02;1.234292e-01;7.711715e-02;5.886577e-02;1.138788e-01;6.856368e-02;7.924309e-02;8.455218e-02;1.069019e-01;9.873249e-02;7.427218e-02;6.935798e-02
5.468126e-02;1.085456e-01;9.762412e-02;5.739499e-02;1.146537e-01;6.262770e-02;6.577924e-02;1.291618e-01;8.815306e-02;9.607487e-02;5.264399e-02;7.265963e-02
5.383353e-02;9.069095e-02;9.780321e-02;5.700363e-02;1.113892e-01;6.350568e-02;5.074970e-02;1.762262e-01;7.074226e-02;9.977379e-02;4.113025e-02;8.715165e-02
5.311763e-02;7.309951e-02;8.432598e-02;5.928532e-02;9.683220e-02;8.661054e-02;5.000876e-02;1.940619e-01;6.322746e-02;9.835804e-02;4.916767e-02;9.190500e-02
5.401745e-02;6.642791e-02;5.248141e-02;5.672397e-02;9.840390e-02;1.328612e-01;8.214781e-02;1.562984e-01;7.775799e-02;8.645408e-02;6.266977e-02;7.375609e-02
5.367175e-02;6.918053e-02;3.510549e-02;4.650510e-02;1.068786e-01;1.811403e-01;1.190736e-01;1.032080e-01;8.821950e-02;7.604384e-02;6.437092e-02;5.660228e-02
5.434936e-02;6.979405e-02;3.533749e-02;4.005147e-02;1.019334e-01;2.165182e-01;1.468090e-01;7.570136e-02;8.436082e-02;6.562722e-02;5.290236e-02;5.661524e-02
5.440538e-02;6.870597e-02;3.754219e-02;3.918066e-02;8.430075e-02;2.289387e-01;1.672945e-01;7.879065e-02;7.560399e-02;5.937067e-02;4.072900e-02;6.513751e-02
5.649559e-02;7.325146e-02;4.245582e-02;4.586519e-02;7.835265e-02;2.017348e-01;1.732341e-01;9.221191e-02;6.317296e-02;6.342494e-02;3.463304e-02;7.516754e-02
7.687934e-02;8.581486e-02;4.990583e-02;5.106857e-02;1.097449e-01;1.490104e-01;1.472185e-01;8.742979e-02;4.956958e-02;7.758514e-02;3.313922e-02;8.263387e-02
1.111877e-01;9.016530e-02;5.576668e-02;4.955995e-02;1.284678e-01;1.556683e-01;1.016366e-01;6.224804e-02;4.620080e-02;8.128896e-02;2.577494e-02;9.203503e-02
1.384896e-01;8.375435e-02;5.202908e-02;4.836956e-02;1.300586e-01;2.038132e-01;6.416538e-02;4.110599e-02;4.893407e-02;7.381471e-02;1.706273e-02;9.840275e-02
1.564819e-01;7.776907e-02;4.941624e-02;5.155531e-02;1.188402e-01;2.213095e-01;4.425981e-02;4.244079e-02;4.884679e-02;7.954989e-02;1.907213e-02;9.045836e-02
1.645179e-01;8.303824e-02;5.533428e-02;5.752624e-02;9.248674e-02;2.017821e-01;3.941952e-02;5.519482e-02;4.920755e-02;1.062884e-01;2.842467e-02;6.677957e-02
1.551183e-01;9.568626e-02;6.091004e-02;5.957764e-02;7.429927e-02;1.660241e-01;4.603399e-02;6.884951e-02;5.335575e-02;1.269674e-01;4.398447e-02;4.919313e-02
1.366179e-01;1.011000e-01;6.989161e-02;5.892470e-02;7.744160e-02;1.408739e-01;5.894639e-02;7.637751e-02;5.780955e-02;1.244383e-01;5.283389e-02;4.474465e-02
1.271359e-01;9.370504e-02;7.917532e-02;6.075172e-02;8.096533e-02;1.351120e-01;6.908226e-02;7.868017e-02;5.700291e-02;1.127721e-01;5.377254e-02;5.184472e-02
1.148071e-01;7.853471e-02;8.083002e-02;6.706081e-02;7.678455e-02;1.482014e-01;7.803535e-02;7.719327e-02;5.662577e-02;1.128857e-01;5.056305e-02;5.847825e-02
9.382766e-02;6.195113e-02;7.029481e-02;7.604848e-02;8.743668e-02;1.858138e-01;8.911654e-02;6.977209e-02;5.537947e-02;1.171321e-01;4.088292e-02;5.234425e-02
7.207244e-02;5.614157e-02;5.743074e-02;7.517119e-02;9.924348e-02;2.545453e-01;9.083609e-02;5.817002e-02;4.809265e-02;1.041026e-01;3.382183e-02;5.037208e-02
6.159705e-02;6.059966e-02;5.404626e-02;6.410246e-02;1.060796e-01;3.095231e-01;7.620296e-02;6.083252e-02;3.972801e-02;7.813935e-02;2.956995e-02;5.957915e-02
6.437363e-02;6.817291e-02;5.006326e-02;5.128177e-02;1.086134e-01;3.121966e-01;5.494000e-02;7.646210e-02;4.214639e-02;6.890722e-02;2.785000e-02;7.499274e-02
6.487262e-02;7.500651e-02;4.535284e-02;4.311131e-02;1.092358e-01;2.854092e-01;4.610965e-02;9.131711e-02;4.930950e-02;7.315757e-02;2.836085e-02;8.875697e-02
6.210027e-02;7.337733e-02;4.513966e-02;4.159160e-02;9.548277e-02;2.856088e-01;5.568710e-02;9.314634e-02;6.114194e-02;6.975386e-02;2.834758e-02;8.862274e-02
5.840202e-02;6.707279e-02;5.278031e-02;4.474336e-02;8.624680e-02;2.758560e-01;8.357963e-02;8.586541e-02;6.815428e-02;6.963111e-02;2.584543e-02;8.182284e-02
4.989823e-02;6.525087e-02;6.316476e-02;5.151520e-02;1.040219e-01;2.176968e-01;1.032057e-01;7.872748e-02;7.619333e-02;8.450567e-02;2.487170e-02;8.094839e-02
4.201972e-02;6.741665e-02;7.503681e-02;5.647010e-02;1.334949e-01;1.517351e-01;1.192555e-01;6.840273e-02;7.874019e-02;9.590537e-02;2.647334e-02;8.504955e-02
4.244937e-02;6.423268e-02;8.782373e-02;5.452679e-02;1.463108e-01;1.406908e-01;1.420897e-01;5.408974e-02;7.118842e-02;8.728246e-02;3.304488e-02;7.627067e-02
4.445624e-02;6.280413e-02;1.062018e-01;5.684788e-02;1.362886e-01;1.605511e-01;1.507466e-01;4.347457e-02;5.840463e-02;7.270843e-02;4.135242e-02;6.616358e-02
4.829986e-02;8.212264e-02;1.209364e-01;6.453893e-02;1.155775e-01;1.687276e-01;1.188927e-01;4.337535e-02;4.945868e-02;6.795925e-02;4.266063e-02;7.745057e-02
6.442916e-02;1.085738e-01;1.198894e-01;6.697799e-02;1.214808e-01;1.404155e-01;7.577706e-02;4.666195e-02;5.297581e-02;7.265226e-02;3.379291e-02;9.637336e-02
7.502580e-02;1.156993e-01;1.248593e-01;6.652545e-02;1.368632e-01;1.031442e-01;6.209097e-02;5.000091e-02;5.839287e-02;8.478178e-02;2.584291e-02;9.677322e-02
6.399429e-02;1.005373e-01;1.604633e-01;7.786734e-02;1.148785e-01;7.388643e-02;7.682843e-02;5.438136e-02;5.740960e-02;1.119101e-01;3.037703e-02;7.746634e-02
4.669056e-02;7.675769e-02;1.906711e-01;8.205608e-02;8.337139e-02;5.888965e-02;1.002545e-01;5.935384e-02;5.869101e-02;1.411306e-01;3.920766e-02;6.292590e-02
4.055973e-02;5.842254e-02;1.961452e-01;7.129654e-02;7.735004e-02;5.926872e-02;1.103834e-01;6.579132e-02;5.874610e-02;1.550854e-01;4.285952e-02;6.409158e-02
4.018357e-02;5.108678e-02;1.875287e-01;6.015605e-02;8.432990e-02;6.783389e-02;1.072913e-01;7.262585e-02;5.299946e-02;1.591245e-01;4.357153e-02;7.326841e-02
4.896601e-02;6.451759e-02;1.637395e-01;6.076054e-02;9.551810e-02;7.438916e-02;8.835639e-02;7.290850e-02;5.536092e-02;1.526262e-01;4.640773e-02;7.644937e-02
6.200402e-02;8.643684e-02;1.353597e-01;6.608922e-02;1.022533e-01;8.201863e-02;5.929931e-02;6.619036e-02;7.018217e-02;1.478495e-01;5.321603e-02;6.910084e-02
6.026464e-02;7.704670e-02;1.783197e-01;5.570307e-02;9.281731e-02;7.501704e-02;5.000240e-02;5.829166e-02;6.577700e-02;1.609089e-01;6.204147e-02;6.381010e-02
4.666691e-02;5.199870e-02;2.697756e-01;3.510104e-02;6.904218e-02;5.358124e-02;6.554881e-02;5.186437e-02;4.837452e-02;1.921618e-01;5.898384e-02;5.690099e-02
3.754646e-02;3.660781e-02;3.350325e-01;2.960971e-02;5.238466e-02;3.412899e-02;8.071312e-02;4.461966e-02;3.721879e-02;2.208653e-01;4.426098e-02;4.701211e-02
3.823068e-02;2.995188e-02;3.451101e-01;3.757059e-02;4.717717e-02;3.260681e-02;9.039494e-02;4.170631e-02;3.231919e-02;2.303706e-01;3.424432e-02;4.031745e-02
5.016572e-02;3.229999e-02;2.917971e-01;5.061430e-02;4.672588e-02;4.124538e-02;9.030663e-02;4.681250e-02;3.398763e-02;2.144580e-01;4.284616e-02;5.874070e-02
6.246354e-02;3.913441e-02;2.050261e-01;6.601410e-02;4.972379e-02;5.345810e-02;8.554395e-02;5.125818e-02;4.128419e-02;1.842700e-01;6.784105e-02;9.398261e-02
7.389437e-02;3.994172e-02;1.304729e-01;7.727972e-02;5.646450e-02;6.331965e-02;8.303547e-02;5.178757e-02;5.315490e-02;1.593636e-01;9.487008e-02;1.164155e-01
8.191069e-02;4.795151e-02;1.039351e-01;8.316803e-02;5.921770e-02;6.418984e-02;7.568399e-02;4.876073e-02;6.903421e-02;1.356453e-01;1.144992e-01;1.160037e-01
8.214743e-02;5.799043e-02;1.578842e-01;7.556199e-02;5.748210e-02;5.945018e-02;6.101274e-02;4.428758e-02;7.774957e-02;1.194094e-01;1.172948e-01;8.972957e-02
7.175248e-02;5.296592e-02;2.204946e-01;6.579108e-02;6.370070e-02;5.766725e-02;5.240444e-02;4.037534e-02;7.833688e-02;1.391848e-01;1.013823e-01;5.594430e-02
5.555595e-02;4.424580e-02;2.450614e-01;7.648158e-02;7.697922e-02;5.460772e-02;5.242947e-02;3.734990e-02;8.066498e-02;1.696189e-01;7.486594e-02;3.213920e-02
5.269185e-02;7.128672e-02;2.058455e-01;1.003014e-01;8.143586e-02;4.461345e-02;5.094828e-02;4.307896e-02;7.440286e-02;1.766893e-01;6.373608e-02;3.496977e-02
6.735732e-02;1.060834e-01;1.346150e-01;1.017362e-01;8.021968e-02;4.165443e-02;5.040884e-02;6.028733e-02;6.956708e-02;1.645324e-01;7.494968e-02;4.858861e-02
7.274069e-02;1.196842e-01;9.386384e-02;8.748960e-02;7.766257e-02;5.009567e-02;5.551508e-02;7.497730e-02;7.930813e-02;1.493984e-01;8.346237e-02;5.580208e-02
6.606755e-02;1.227229e-01;8.550092e-02;7.326321e-02;7.734931e-02;5.704976e-02;6.169254e-02;8.738222e-02;9.178499e-02;1.350156e-01;8.492676e-02;5.724422e-02
5.457639e-02;1.164042e-01;8.365619e-02;6.505381e-02;8.064844e-02;6.318558e-02;6.848209e-02;1.001643e-01;1.010144e-01;1.214926e-01;8.841360e-02;5.690841e-02
4.321039e-02;1.008807e-01;8.394776e-02;6.062837e-02;9.070700e-02;6.737980e-02;7.690445e-02;1.072434e-01;1.005160e-01;1.143906e-01;9.621139e-02;5.798012e-02
4.060982e-02;7.926326e-02;8.579185e-02;6.659634e-02;1.075005e-01;6.717639e-02;8.922754e-02;1.015894e-01;8.935562e-02;1.209887e-01;9.876809e-02;5.313261e-02
4.986598e-02;5.698117e-02;9.792890e-02;7.798538e-02;1.169514e-01;6.609420e-02;1.079407e-01;8.273536e-02;7.406168e-02;1.402161e-01;9.387174e-02;3.536729e-02
5.300725e-02;4.642093e-02;1.098858e-01;7.464939e-02;1.067036e-01;6.095637e-02;1.248081e-01;8.410823e-02;6.767631e-02;1.603052e-01;8.225503e-02;2.922379e-02
4.664823e-02;5.056797e-02;1.187063e-01;6.828804e-02;9.630769e-02;5.032796e-02;1.377915e-01;8.309774e-02;6.841875e-02;1.727748e-01;6.798983e-02;3.908113e-02
4.749857e-02;6.116300e-02;1.143596e-01;6.263073e-02;9.835190e-02;4.264814e-02;1.420036e-01;6.969960e-02;7.535543e-02;1.720083e-01;6.388955e-02;5.039164e-02
5.906285e-02;6.843407e-02;1.015384e-01;6.790164e-02;8.859410e-02;5.438991e-02;1.311769e-01;7.211974e-02;7.948741e-02;1.529260e-01;7.244012e-02;5.192893e-02
6.413763e-02;6.528249e-02;8.720267e-02;7.154228e-02;7.005362e-02;6.967006e-02;1.314672e-01;8.511657e-02;7.392016e-02;1.483123e-01;7.763582e-02;5.565929e-02
6.143267e-02;5.940283e-02;8.975599e-02;6.438146e-02;6.454729e-02;7.263551e-02;1.372722e-01;9.160449e-02;6.800810e-02;1.618175e-01;7.307636e-02;5.606562e-02
5.261280e-02;5.525357e-02;1.031613e-01;5.338745e-02;7.107805e-02;6.526083e-02;1.432916e-01;9.356298e-02;6.143227e-02;1.816037e-01;6.419694e-02;5.515849e-02
4.470436e-02;5.507366e-02;1.252641e-01;4.561604e-02;8.520772e-02;4.871856e-02;1.426859e-01;9.056468e-02;6.799629e-02;1.893584e-01;5.444467e-02;5.036565e-02
4.373637e-02;5.334137e-02;1.504001e-01;4.814315e-02;1.016352e-01;3.333958e-02;1.260487e-01;8.439025e-02;6.852484e-02;1.979026e-01;4.681896e-02;4.571884e-02
3.998072e-02;5.508398e-02;1.476839e-01;5.420580e-02;1.190494e-01;2.479335e-02;1.294457e-01;7.819493e-02;5.938336e-02;2.088145e-01;4.141026e-02;4.195410e-02
3.333561e-02;6.134252e-02;1.353760e-01;5.326504e-02;1.405502e-01;2.446314e-02;1.472566e-01;7.759187e-02;5.709798e-02;1.875257e-01;3.945407e-02;4.274127e-02
4.664906e-02;7.876915e-02;1.356534e-01;4.717953e-02;1.466223e-01;3.544878e-02;1.280768e-01;7.887931e-02;5.987702e-02;1.467898e-01;4.995169e-02;4.610317e-02
6.320853e-02;9.868576e-02;1.410239e-01;5.460223e-02;1.272166e-01;4.481998e-02;9.897420e-02;7.378677e-02;6.259689e-02;1.285218e-01;5.763431e-02;4.892904e-02
7.118547e-02;1.114258e-01;1.260054e-01;6.539864e-02;1.056114e-01;5.018918e-02;8.720531e-02;7.531297e-02;7.119597e-02;1.178725e-01;6.147010e-02;5.712723e-02
7.044538e-02;1.131951e-01;1.062219e-01;7.986394e-02;9.149382e-02;5.335526e-02;8.061316e-02;8.183526e-02;8.235375e-02;1.024134e-01;6.359313e-02;7.461584e-02
6.290970e-02;1.043679e-01;8.671078e-02;9.777597e-02;8.105137e-02;5.561750e-02;8.811570e-02;8.452660e-02;9.415916e-02;8.574058e-02;6.325448e-02;9.577021e-02
5.366021e-02;8.580758e-02;7.977860e-02;1.119832e-01;7.214682e-02;6.091918e-02;9.835553e-02;8.122227e-02;1.027601e-01;7.858142e-02;6.768792e-02;1.070972e-01
5.215674e-02;6.427348e-02;9.749913e-02;1.167102e-01;6.536093e-02;6.057824e-02;9.693578e-02;7.808153e-02;1.098545e-01;8.789805e-02;7.530446e-02;9.534699e-02
6.152233e-02;5.176910e-02;1.139003e-01;1.006591e-01;6.665587e-02;5.674907e-02;9.568655e-02;8.050646e-02;1.260725e-01;9.181292e-02;8.096987e-02;7.369598e-02
6.613907e-02;4.553810e-02;1.267929e-01;6.787015e-02;7.214566e-02;4.634834e-02;1.058563e-01;7.731419e-02;1.490683e-01;9.129906e-02;9.021659e-02;6.141133e-02
6.274263e-02;3.471232e-02;1.331154e-01;6.031358e-02;6.527992e-02;3.614338e-02;1.229733e-01;7.091146e-02;1.678610e-01;1.097177e-01;8.168069e-02;5.454864e-02
6.470694e-02;2.817599e-02;1.156235e-01;5.927123e-02;5.803299e-02;4.245216e-02;1.291084e-01;7.976126e-02;1.788616e-01;1.259358e-01;6.773543e-02;5.033471e-02
5.926312e-02;3.046432e-02;9.068765e-02;5.587202e-02;5.734053e-02;6.001256e-02;1.213539e-01;1.084778e-01;1.551933e-01;1.287427e-01;7.835381e-02;5.423822e-02
5.523508e-02;4.273977e-02;8.926431e-02;4.367121e-02;6.252836e-02;7.851920e-02;1.287854e-01;1.266523e-01;1.241555e-01;1.121906e-01;7.949364e-02;5.676459e-02
5.235688e-02;6.002663e-02;1.133766e-01;3.791428e-02;6.581675e-02;9.219936e-02;1.339402e-01;1.301545e-01;9.706898e-02;9.619015e-02;6.681844e-02;5.413733e-02
5.003593e-02;7.726786e-02;1.376003e-01;3.732323e-02;6.640892e-02;8.841717e-02;1.300634e-01;1.205631e-01;7.623910e-02;1.132724e-01;5.662090e-02;4.618765e-02
5.090971e-02;8.730204e-02;1.460922e-01;4.509670e-02;7.762443e-02;6.919352e-02;1.213546e-01;1.003969e-01;6.387801e-02;1.519077e-01;4.880088e-02;3.744325e-02
5.115107e-02;7.928643e-02;1.566094e-01;5.923513e-02;1.058868e-01;4.767496e-02;1.096154e-01;6.888293e-02;5.086109e-02;2.047587e-01;4.009765e-02;2.594047e-02
5.448961e-02;5.495771e-02;1.754402e-01;7.143269e-02;1.178102e-01;4.141577e-02;9.273473e-02;4.232537e-02;3.917070e-02;2.489734e-01;3.459755e-02;2.665204e-02
6.450339e-02;4.005805e-02;1.607658e-01;8.653864e-02;1.007799e-01;4.196615e-02;8.309678e-02;3.981297e-02;3.786292e-02;2.431655e-01;4.919683e-02;5.225307e-02
7.038035e-02;3.811201e-02;1.329538e-01;1.275371e-01;7.457788e-02;3.893035e-02;7.897157e-02;6.483175e-02;4.790987e-02;1.725620e-01;8.187787e-02;7.135554e-02
6.584769e-02;3.245739e-02;1.141078e-01;1.694183e-01;6.199057e-02;3.438888e-02;7.657322e-02;8.492488e-02;5.254504e-02;1.241810e-01;1.128964e-01;7.066878e-02
5.836148e-02;2.771720e-02;9.469077e-02;2.005616e-01;6.121830e-02;3.452634e-02;7.285933e-02;9.609999e-02;5.175025e-02;9.926724e-02;1.367121e-01;6.623550e-02
5.043058e-02;2.800951e-02;8.443388e-02;2.046298e-01;6.365076e-02;3.420781e-02;6.656422e-02;9.450464e-02;4.748687e-02;9.710061e-02;1.502009e-01;7.878044e-02
4.329624e-02;3.086653e-02;1.092551e-01;1.763892e-01;6.564733e-02;3.276577e-02;5.739157e-02;8.022983e-02;4.385320e-02;1.211039e-01;1.465443e-01;9.265700e-02
3.650218e-02;3.354343e-02;1.705752e-01;1.219300e-01;6.715274e-02;3.486532e-02;4.871040e-02;5.957276e-02;4.514859e-02;1.644603e-01;1.252031e-01;9.233608e-02
3.795730e-02;3.563734e-02;2.178920e-01;7.096868e-02;6.982070e-02;4.422039e-02;4.726401e-02;4.509210e-02;5.267230e-02;2.048060e-01;9.980480e-02;7.386436e-02
4.677292e-02;3.321214e-02;2.107273e-01;5.618859e-02;6.418511e-02;5.572210e-02;5.969188e-02;4.547889e-02;6.051759e-02;2.094281e-01;1.107587e-01;4.731663e-02
6.072232e-02;3.498706e-02;1.587092e-01;5.013394e-02;5.157415e-02;6.116859e-02;7.730873e-02;5.764536e-02;6.353395e-02;1.884057e-01;1.564488e-01;3.936232e-02
7.168024e-02;5.103641e-02;9.492536e-02;3.785709e-02;4.842423e-02;4.914907e-02;9.006079e-02;7.497736e-02;7.267197e-02;2.134003e-01;1.620427e-01;3.377449e-02
8.655805e-02;7.302195e-02;6.770043e-02;4.566776e-02;5.309735e-02;4.081886e-02;8.909797e-02;8.832057e-02;8.434577e-02;2.345429e-01;1.094729e-01;2.735547e-02
9.889907e-02;8.330120e-02;7.222932e-02;5.470865e-02;6.213995e-02;4.650192e-02;7.771219e-02;9.765124e-02;8.162451e-02;2.189558e-01;7.131425e-02;3.496194e-02
1.022863e-01;8.371348e-02;8.572360e-02;5.896977e-02;7.819502e-02;5.330126e-02;6.823992e-02;1.004769e-01;7.329504e-02;1.871517e-01;6.157492e-02;4.707218e-02
9.645063e-02;7.997831e-02;1.091307e-01;6.322841e-02;9.830149e-02;6.276735e-02;6.798086e-02;9.412300e-02;6.470114e-02;1.550143e-01;5.427057e-02;5.405320e-02
7.975587e-02;8.393078e-02;1.217240e-01;7.246374e-02;1.103689e-01;6.641731e-02;6.999133e-02;7.112703e-02;6.886734e-02;1.434597e-01;5.376223e-02;5.813178e-02
6.829701e-02;8.991369e-02;9.720548e-02;8.258317e-02;1.072964e-01;5.660867e-02;8.133131e-02;4.725469e-02;8.871205e-02;1.443827e-01;6.739486e-02;6.901985e-02
6.140224e-02;9.469521e-02;7.833899e-02;8.552605e-02;1.017047e-01;4.616738e-02;9.960765e-02;4.501822e-02;9.986007e-02;1.319711e-01;7.792323e-02;7.778505e-02
5.454743e-02;9.647603e-02;9.799309e-02;8.219709e-02;1.004374e-01;4.086925e-02;1.085462e-01;4.659029e-02;9.485919e-02;1.179860e-01;7.782695e-02;8.167105e-02
5.161543e-02;9.282007e-02;1.300322e-01;8.115645e-02;1.036829e-01;5.762578e-02;9.570371e-02;4.994370e-02;7.813520e-02;1.132017e-01;7.109887e-02;7.498412e-02
5.055473e-02;9.796118e-02;1.355009e-01;8.067653e-02;9.865841e-02;7.955288e-02;6.793707e-02;5.434628e-02;8.854976e-02;1.152910e-01;6.888987e-02;6.208134e-02
4.352310e-02;1.163860e-01;1.201001e-01;7.854351e-02;8.931222e-02;8.827610e-02;5.668689e-02;5.103346e-02;1.266529e-01;1.056645e-01;6.645563e-02;5.736564e-02
3.927260e-02;1.375599e-01;1.022493e-01;8.023980e-02;8.168273e-02;8.319801e-02;5.906444e-02;4.318843e-02;1.595330e-01;8.762512e-02;5.883437e-02;6.755223e-02
4.053823e-02;1.539270e-01;9.721603e-02;8.578917e-02;7.807488e-02;7.056741e-02;5.752793e-02;4.178256e-02;1.737388e-01;7.104379e-02;4.944017e-02;8.035401e-02
4.411270e-02;1.593559e-01;9.816194e-02;9.788273e-02;7.658838e-02;6.006840e-02;5.717299e-02;4.836202e-02;1.778757e-01;6.168313e-02;4.103224e-02;7.770389e-02
5.184413e-02;1.555654e-01;8.956472e-02;1.059446e-01;7.297125e-02;6.213918e-02;6.037936e-02;5.559978e-02;1.785849e-01;5.680516e-02;5.070871e-02;5.989276e-02
5.866991e-02;1.510706e-01;7.368637e-02;1.064250e-01;7.142413e-02;7.083062e-02;6.633193e-02;5.663375e-02;1.835185e-01;5.382703e-02;6.679866e-02;4.078344e-02
5.962731e-02;1.517083e-01;6.334870e-02;1.040540e-01;7.373590e-02;6.974585e-02;6.998978e-02;5.313727e-02;1.887450e-01;5.809856e-02;7.330567e-02;3.450364e-02
6.344809e-02;1.414028e-01;6.996324e-02;9.943391e-02;7.333902e-02;6.104656e-02;7.253255e-02;5.425230e-02;1.704207e-01;7.956403e-02;7.636733e-02;3.822948e-02
6.889419e-02;1.363396e-01;7.863639e-02;8.986731e-02;6.964526e-02;6.182627e-02;8.676066e-02;6.272656e-02;1.190175e-01;1.028162e-01;7.714050e-02;4.632955e-02
7.080667e-02;1.394638e-01;7.520770e-02;7.516833e-02;6.820953e-02;6.549653e-02;1.027265e-01;6.974300e-02;8.201978e-02;1.114216e-01;8.153339e-02;5.820320e-02
6.892014e-02;1.310131e-01;6.676693e-02;6.112220e-02;6.685420e-02;6.883086e-02;1.153611e-01;7.386746e-02;8.822138e-02;1.154852e-01;7.845674e-02;6.510064e-02
6.118553e-02;1.170206e-01;5.958741e-02;4.799772e-02;6.459285e-02;7.201479e-02;1.243779e-01;8.078983e-02;1.067566e-01;1.286115e-01;7.104126e-02;6.602413e-02
5.088931e-02;1.052999e-01;5.523409e-02;3.381907e-02;6.431230e-02;7.290377e-02;1.266211e-01;8.407050e-02;1.179954e-01;1.496649e-01;7.102032e-02;6.816932e-02
4.356521e-02;9.513423e-02;5.037590e-02;2.781983e-02;7.078820e-02;6.357130e-02;1.222774e-01;7.351691e-02;1.188223e-01;1.696562e-01;8.832029e-02;7.615227e-02
3.981484e-02;8.565729e-02;4.548155e-02;3.142715e-02;8.132745e-02;4.719895e-02;1.183803e-01;5.122027e-02;1.033353e-01;1.798633e-01;1.191444e-01;9.714917e-02
3.424093e-02;8.152516e-02;4.123753e-02;3.452648e-02;8.490252e-02;3.886558e-02;1.164848e-01;4.002371e-02;8.101802e-02;1.857359e-01;1.423593e-01;1.190800e-01
2.905725e-02;8.279790e-02;3.798021e-02;3.566333e-02;8.405150e-02;4.314670e-02;1.112866e-01;4.084233e-02;7.364423e-02;1.876562e-01;1.441436e-01;1.297301e-01
2.645343e-02;7.950410e-02;5.292154e-02;3.609650e-02;7.764166e-02;5.414847e-02;9.641902e-02;3.979288e-02;7.600972e-02;1.933656e-01;1.470269e-01;1.206202e-01
2.372213e-02;6.713820e-02;7.003006e-02;3.204362e-02;5.797544e-02;5.994866e-02;6.730074e-02;3.489495e-02;6.603832e-02;2.596220e-01;1.716742e-01;8.961166e-02
1.895509e-02;5.530547e-02;6.247208e-02;2.910889e-02;4.265062e-02;5.219347e-02;4.841766e-02;3.412613e-02;6.884188e-02;3.548549e-01;1.671041e-01;6.596962e-02
2.046701e-02;4.439113e-02;4.835759e-02;3.059693e-02;3.692394e-02;4.215193e-02;4.284497e-02;4.389291e-02;1.081092e-01;3.875504e-01;1.400636e-01;5.465046e-02
2.894829e-02;3.581372e-02;3.761731e-02;3.459479e-02;4.054488e-02;4.342390e-02;4.387233e-02;8.014514e-02;1.609326e-01;3.295912e-01;1.134918e-01;5.102408e-02
3.680888e-02;4.143216e-02;3.247035e-02;4.260509e-02;5.519721e-02;5.035571e-02;6.282202e-02;1.335811e-01;1.775867e-01;2.300526e-01;8.904366e-02;4.804449e-02
3.916012e-02;6.081794e-02;3.840577e-02;5.227024e-02;6.625929e-02;6.561428e-02;9.773091e-02;1.678300e-01;1.467745e-01;1.586600e-01;6.749252e-02;3.898439e-02
3.980258e-02;1.005790e-01;5.237716e-02;6.329084e-02;6.765258e-02;8.568878e-02;1.255081e-01;1.638562e-01;1.061395e-01;1.123025e-01;5.207963e-02;3.072307e-02
4.600134e-02;1.680537e-01;6.559996e-02;6.973864e-02;6.654030e-02;9.172910e-02;1.251689e-01;1.315347e-01;8.180059e-02;8.309086e-02;4.357314e-02;2.716882e-02
5.952872e-02;2.472023e-01;7.328231e-02;6.167111e-02;7.198942e-02;8.741139e-02;9.872914e-02;9.114397e-02;6.938551e-02;6.946086e-02;4.072439e-02;2.947087e-02
7.267447e-02;2.771467e-01;7.104863e-02;4.478300e-02;7.567468e-02;9.348401e-02;7.554937e-02;6.090618e-02;6.676242e-02;7.462344e-02;4.632066e-02;4.102643e-02
7.576834e-02;2.340654e-01;5.928802e-02;3.578765e-02;7.950921e-02;1.057787e-01;6.856995e-02;5.124529e-02;7.665551e-02;9.127951e-02;6.714797e-02;5.490455e-02
6.826045e-02;1.513202e-01;4.958341e-02;4.154944e-02;9.069243e-02;1.147927e-01;7.291692e-02;6.102544e-02;9.536543e-02;1.055857e-01;9.348472e-02;5.542316e-02
6.357072e-02;9.363910e-02;4.701345e-02;4.680979e-02;1.002934e-01;1.184536e-01;7.993724e-02;8.112008e-02;1.166694e-01;1.052168e-01;1.052470e-01;4.202940e-02
6.904873e-02;9.004156e-02;4.439979e-02;4.582642e-02;9.773196e-02;1.203394e-01;8.827092e-02;9.394738e-02;1.259271e-01;8.934820e-02;9.528346e-02;3.983503e-02
7.671143e-02;1.144989e-01;3.949988e-02;4.426479e-02;8.920996e-02;1.208102e-01;9.377728e-02;9.919058e-02;1.163140e-01;7.599343e-02;7.788968e-02;5.183988e-02
7.956524e-02;1.274458e-01;3.702991e-02;4.825391e-02;8.267415e-02;1.148944e-01;8.343146e-02;1.048328e-01;9.779193e-02;8.729751e-02;6.589704e-02;7.088584e-02
7.444607e-02;1.238748e-01;5.106172e-02;5.350201e-02;7.949331e-02;1.040268e-01;6.420312e-02;1.137919e-01;9.066763e-02;1.005936e-01;7.630961e-02;6.802941e-02
7.179900e-02;1.043584e-01;6.936174e-02;5.603741e-02;6.794985e-02;1.016755e-01;7.517339e-02;1.077468e-01;9.857352e-02;9.731556e-02;8.316302e-02;6.684566e-02
6.833091e-02;1.049267e-01;7.922854e-02;5.214649e-02;7.535307e-02;9.197070e-02;7.730026e-02;9.633767e-02;1.056513e-01;9.961542e-02;9.093460e-02;5.820431e-02
6.574030e-02;9.715907e-02;8.523286e-02;4.740692e-02;7.692882e-02;8.544635e-02;6.919755e-02;8.772615e-02;1.231806e-01;1.021512e-01;1.044005e-01;5.542970e-02
6.775027e-02;9.529360e-02;8.396196e-02;4.503972e-02;8.797824e-02;9.697543e-02;6.187166e-02;8.528032e-02;1.224521e-01;1.018841e-01;9.961753e-02;5.189506e-02
7.003526e-02;1.153717e-01;7.705488e-02;4.242961e-02;9.268817e-02;1.046965e-01;5.797965e-02;8.824008e-02;1.130903e-01;1.108226e-01;8.352060e-02;4.407060e-02
5.987050e-02;1.313822e-01;8.106890e-02;4.009339e-02;8.300985e-02;1.027091e-01;5.834763e-02;9.515846e-02;1.131669e-01;1.142132e-01;8.102284e-02;3.995702e-02
6.105940e-02;1.240862e-01;8.681726e-02;4.589582e-02;8.587804e-02;9.734307e-02;5.683137e-02;9.480110e-02;1.121714e-01;1.087373e-01;7.755437e-02;4.882463e-02
9.333299e-02;8.819316e-02;6.456596e-02;8.379593e-02;1.078033e-01;7.716186e-02;7.171354e-02;1.113983e-01;6.014092e-02;1.151794e-01;6.832075e-02;5.839377e-02
9.602381e-02;8.269423e-02;6.736769e-02;8.783994e-02;1.057066e-01;7.375604e-02;8.694927e-02;1.135754e-01;6.688832e-02;1.123354e-01;5.679616e-02;5.006720e-02
9.088145e-02;8.880524e-02;8.092778e-02;8.102075e-02;1.130985e-01;6.438392e-02;1.022877e-01;1.049994e-01;6.556006e-02;1.094425e-01;5.020071e-02;4.839204e-02
8.226139e-02;1.081199e-01;9.918152e-02;7.351087e-02;1.264274e-01;5.268527e-02;1.115293e-01;9.395264e-02;6.114988e-02;1.048301e-01;4.345633e-02;4.289537e-02
7.041412e-02;1.341318e-01;1.163469e-01;6.671864e-02;1.332233e-01;5.000273e-02;1.156643e-01;8.132655e-02;5.293693e-02;9.414990e-02;4.459560e-02;4.048924e-02
6.027823e-02;1.519335e-01;1.177916e-01;6.344069e-02;1.190443e-01;6.117291e-02;1.147578e-01;7.106795e-02;5.133599e-02;8.351945e-02;5.534170e-02;5.031586e-02
5.131453e-02;1.550507e-01;1.083436e-01;6.062760e-02;9.820198e-02;6.820870e-02;1.152044e-01;6.896219e-02;6.184538e-02;8.235360e-02;6.642395e-02;6.346346e-02
4.268716e-02;1.472066e-01;1.039696e-01;6.023966e-02;8.656549e-02;6.470253e-02;1.128845e-01;6.889252e-02;8.354267e-02;8.699634e-02;7.062554e-02;7.168735e-02
3.315915e-02;1.357900e-01;1.137817e-01;6.064841e-02;8.433252e-02;5.340504e-02;9.916916e-02;7.074824e-02;1.115329e-01;1.044471e-01;6.341033e-02;6.957545e-02
2.538031e-02;1.197196e-01;1.245050e-01;5.595041e-02;8.892914e-02;4.171181e-02;7.779852e-02;6.830046e-02;1.422303e-01;1.514134e-01;4.896733e-02;5.509378e-02
2.458872e-02;9.938949e-02;1.269123e-01;4.686816e-02;9.703071e-02;3.268734e-02;6.500394e-02;5.524256e-02;1.666372e-01;2.042334e-01;4.336857e-02;3.803758e-02
3.081506e-02;8.720858e-02;1.288040e-01;4.177218e-02;1.103308e-01;2.640183e-02;6.684397e-02;4.278416e-02;1.666463e-01;2.340188e-01;3.979334e-02;2.458090e-02
3.793390e-02;8.726809e-02;1.271904e-01;3.850664e-02;1.355847e-01;2.539523e-02;8.784747e-02;3.640081e-02;1.320848e-01;2.362163e-01;3.536803e-02;2.020372e-02
4.235702e-02;9.088297e-02;1.120216e-01;3.536743e-02;1.643969e-01;2.695351e-02;1.125544e-01;3.224060e-02;8.232152e-02;2.365354e-01;3.866278e-02;2.570589e-02
3.820011e-02;8.668460e-02;8.711651e-02;3.035359e-02;1.775620e-01;2.990662e-02;1.193809e-01;3.209635e-02;5.205809e-02;2.737275e-01;4.468324e-02;2.823054e-02
2.981455e-02;7.512338e-02;8.534694e-02;2.953434e-02;1.777875e-01;3.388553e-02;1.116116e-01;3.758241e-02;4.832452e-02;2.987112e-01;4.667263e-02;2.560541e-02
2.613476e-02;6.573261e-02;1.106788e-01;2.931952e-02;1.673511e-01;3.733832e-02;9.973326e-02;5.118833e-02;7.551413e-02;2.729608e-01;4.278786e-02;2.126047e-02
2.973549e-02;5.828380e-02;1.227807e-01;2.854011e-02;1.405806e-01;3.520151e-02;8.652446e-02;6.819391e-02;1.321544e-01;2.219974e-01;5.272074e-02;2.328697e-02
3.194130e-02;4.722188e-02;1.043956e-01;2.988740e-02;1.010818e-01;3.126035e-02;7.560388e-02;7.642968e-02;1.945025e-01;2.053590e-01;7.094099e-02;3.137574e-02
3.488988e-02;3.471791e-02;7.557253e-02;3.638301e-02;6.579865e-02;3.346700e-02;8.123317e-02;8.029394e-02;2.404032e-01;2.026190e-01;7.505860e-02;3.956300e-02
4.243318e-02;2.808579e-02;5.396498e-02;5.042650e-02;5.164985e-02;4.110108e-02;1.177217e-01;9.321869e-02;2.434172e-01;1.756565e-01;6.069638e-02;4.162815e-02
5.904198e-02;3.502371e-02;5.334850e-02;7.257209e-02;6.728614e-02;5.361556e-02;1.582072e-01;1.022967e-01;1.923054e-01;1.268960e-01;4.131843e-02;3.808825e-02
8.965458e-02;4.885351e-02;7.373876e-02;9.513567e-02;8.843573e-02;6.575244e-02;1.605181e-01;9.288538e-02;1.274950e-01;8.723676e-02;3.244966e-02;3.784442e-02
1.315342e-01;6.089995e-02;8.635864e-02;1.067061e-01;9.522691e-02;7.703639e-02;1.247480e-01;8.056881e-02;8.749790e-02;7.103208e-02;3.209363e-02;4.629736e-02
1.580088e-01;6.416649e-02;8.504513e-02;1.021479e-01;9.566473e-02;8.796317e-02;8.419981e-02;8.014722e-02;8.307011e-02;7.011227e-02;3.306406e-02;5.641035e-02
1.498022e-01;6.546994e-02;8.752748e-02;9.181415e-02;9.893920e-02;9.306637e-02;6.683207e-02;8.603512e-02;8.747537e-02;6.934065e-02;3.772688e-02;6.597052e-02
1.224002e-01;7.614234e-02;9.318648e-02;8.255898e-02;9.676023e-02;8.531766e-02;6.722824e-02;8.882900e-02;9.320103e-02;6.953257e-02;4.544538e-02;7.939784e-02
1.056209e-01;8.759592e-02;9.121285e-02;7.326950e-02;8.865694e-02;6.981201e-02;7.142729e-02;8.454647e-02;1.072049e-01;7.591514e-02;5.200309e-02;9.273500e-02
1.030170e-01;9.313789e-02;8.522009e-02;6.525675e-02;8.045189e-02;6.526840e-02;7.568102e-02;7.509622e-02;1.238310e-01;7.684122e-02;5.545350e-02;1.007450e-01
1.062895e-01;9.254400e-02;8.008814e-02;5.934164e-02;7.519414e-02;7.547523e-02;8.003607e-02;6.265251e-02;1.380920e-01;7.662647e-02;5.505737e-02;9.860291e-02
1.146549e-01;9.355563e-02;8.510473e-02;5.460434e-02;7.286830e-02;8.611128e-02;7.774410e-02;6.293079e-02;1.345165e-01;7.685471e-02;5.204282e-02;8.901194e-02
1.206512e-01;9.404491e-02;9.702084e-02;6.026868e-02;9.107753e-02;8.549003e-02;7.644325e-02;7.316538e-02;1.091845e-01;8.570063e-02;4.035994e-02;6.659313e-02
1.152733e-01;8.146290e-02;9.659809e-02;6.717980e-02;8.806655e-02;8.325393e-02;8.821284e-02;8.069837e-02;1.046606e-01;1.053406e-01;3.735912e-02;5.189398e-02
1.144691e-01;7.116898e-02;9.585927e-02;7.525625e-02;6.960350e-02;7.898612e-02;8.866599e-02;8.858082e-02;1.163868e-01;1.203360e-01;3.149603e-02;4.919114e-02
1.169979e-01;6.502858e-02;9.552318e-02;8.390967e-02;6.489566e-02;7.701135e-02;7.433774e-02;8.480282e-02;1.435032e-01;1.168703e-01;2.657030e-02;5.054925e-02
1.077493e-01;6.586601e-02;9.209752e-02;8.066209e-02;7.189385e-02;6.845705e-02;6.103988e-02;6.843472e-02;1.819378e-01;1.151054e-01;3.352030e-02;5.323605e-02
1.059304e-01;6.823093e-02;9.473591e-02;6.728780e-02;6.558487e-02;5.671411e-02;6.406608e-02;5.504341e-02;2.072472e-01;1.154732e-01;3.701863e-02;6.266753e-02
8.399794e-02;5.792173e-02;6.878202e-02;5.057912e-02;5.412427e-02;3.989878e-02;9.355750e-02;7.938983e-02;1.940318e-01;1.115791e-01;7.746103e-02;8.867680e-02
5.877929e-02;6.346709e-02;6.865581e-02;5.763086e-02;8.844072e-02;6.752235e-02;8.375097e-02;9.669033e-02;1.445738e-01;1.292687e-01;7.275809e-02;6.846205e-02
6.136189e-02;6.873256e-02;7.629021e-02;5.398211e-02;1.005510e-01;6.879966e-02;9.236740e-02;1.042526e-01;1.113974e-01;1.462046e-01;6.561133e-02;5.044921e-02
